.Random.seed <-
c(10403L, 10L, 1829387237L, 1793360540L, 416138994L, -813836435L, 
-699555673L, -125426994L, -127971288L, 135490603L, -1697227191L, 
-237004968L, 2062418438L, 1901079521L, -1158887053L, 1169222114L, 
362712404L, -1947327401L, 1961691213L, 378112996L, 273607114L, 
1486450741L, -199299441L, 2045886358L, -2088385728L, 1761734147L, 
-770444255L, -1306200304L, -78418706L, -2006305639L, -1273257685L, 
-802793446L, -762686756L, 1474499295L, -1060352843L, -513037748L, 
-1311091038L, 468237821L, -14788873L, 690110494L, -1232776488L, 
-761006533L, -159104039L, -1957416600L, 1153714326L, 1645676049L, 
-1827356733L, 328893394L, 1565032036L, -1415344729L, -1395973379L, 
1071683316L, -1647427110L, -52755163L, -685046721L, -1495845946L, 
1307320400L, 936381555L, -1707401071L, -957906752L, 1364683422L, 
944023145L, -36399461L, -425264214L, 598171596L, -1494183281L, 
-885933371L, -848768388L, -1063452974L, -1088955827L, 1963144967L, 
-103556370L, -204992568L, 1884754123L, -1792511703L, 682117496L, 
-1116987738L, -1614952255L, 1094402387L, 1148071426L, -240421068L, 
-1055492937L, 1479517357L, 1318945220L, 1710727658L, -1903772075L, 
1896845295L, 1006092278L, -2017363680L, -1823820061L, -751612031L, 
-1722377744L, -28260210L, -1446072327L, 774276491L, -948805190L, 
1663508668L, -1606089729L, -156380843L, -2012444052L, 2059329218L, 
-1734309603L, -1438425193L, -1401185538L, -578207560L, -489960805L, 
-381851399L, -1014277560L, -1054210698L, -1595665231L, 1859606755L, 
-2010490958L, -1000994812L, 1094867783L, 234385949L, -904804204L, 
-1676556230L, 2016848517L, -1379017889L, -448384026L, 358366832L, 
1519350163L, 325531185L, -1339839264L, 298220926L, 882159625L, 
1889935419L, -548426230L, 1075641836L, 827585135L, -888193627L, 
636583260L, -851345102L, -1494441939L, 1735630567L, 584954894L, 
-184042008L, -1227724821L, 1375778953L, 23108632L, 739769158L, 
-510785119L, 391624755L, 114390434L, 1198280852L, 1233286935L, 
591790349L, 1926719524L, 1032906762L, 239787381L, -8155953L, 
15851478L, 507764608L, -1544858685L, -500673183L, 1197550544L, 
-800994514L, -1990084903L, -905812757L, -1988418214L, 1375426332L, 
-1558539745L, 1214296693L, 1058963212L, 984838882L, 1478125501L, 
53076023L, -72996130L, 116332056L, -1940113029L, 325398809L, 
513695144L, 2098299222L, -756252207L, 207929731L, -1849343982L, 
105493412L, -1024081049L, -172205891L, 627744820L, 254751642L, 
-1028079643L, 1096420223L, 452492038L, 554890384L, -526334669L, 
-2076892463L, -1641895808L, -551726754L, 1654351529L, -1109634725L, 
-764626070L, -1247497716L, -1025387953L, -29524219L, -1050806340L, 
-1685966190L, -1216579187L, 1711563207L, -1917058386L, -1541895416L, 
405387531L, -193165335L, -830381896L, -1464318106L, 569598977L, 
508318355L, 332756290L, 924310260L, 1951475447L, -1399626003L, 
-981765756L, -1057161302L, -443316971L, 115519407L, -1606950986L, 
858441184L, 458710307L, -1485934015L, 338697520L, -138496178L, 
-47718983L, 1285062603L, 1996207226L, -492722820L, -749879873L, 
-1090717035L, -2027034452L, -921963902L, 759526714L, -426882608L, 
58405996L, 2013604148L, -1539336558L, 166038368L, -551488692L, 
-285329440L, -638085214L, 1810728872L, 1252666764L, -455702340L, 
-492238478L, -433875728L, 865742916L, 1049862488L, 931472954L, 
-1128170640L, 508311612L, -277848300L, -338336318L, -140018976L, 
-71133316L, -190259504L, -84715358L, 2047052840L, -941890292L, 
1666869180L, -1962448590L, 23095744L, -151369164L, -117171256L, 
-1310508870L, 126921104L, -124038676L, -1084243372L, -1064898414L, 
-465588448L, -1135023668L, 2055837152L, -971311422L, 1631118376L, 
585740972L, -1713380164L, -1179588110L, -558321360L, 1303155876L, 
1666221752L, -971653798L, -1528793712L, -43428996L, 1370614036L, 
-650116286L, 2102188800L, 779909052L, -2011046064L, -1711389918L, 
826072392L, 1632463372L, -1238906788L, -1488356142L, 858624L, 
1908927828L, 1826658792L, -1019311110L, 1049215184L, -598307540L, 
1814012660L, 1614223762L, 794866784L, -238770932L, -624225568L, 
-617199262L, -17229144L, -1006763444L, 1708552572L, 638600498L, 
-865406864L, -957642940L, 1673067992L, 915737722L, -646566352L, 
1985415868L, 473734996L, 1883903042L, -1951564384L, -1096725828L, 
33962448L, -958268062L, 1609560040L, -781514804L, 460017404L, 
921412082L, 1977845888L, 778306804L, 1387136648L, -1651026118L, 
203715408L, 2059527788L, 1439105172L, -703360686L, 1082769120L, 
-1703857460L, 167047328L, -95339646L, 2079650536L, -1338600724L, 
652123196L, 783454834L, 377451632L, -1110260188L, -2084944840L, 
1169176602L, 1152768720L, -2146806724L, -1540348780L, -374694782L, 
830031808L, 2063522108L, -1845898608L, 447982626L, 1812874248L, 
224364684L, -1020969956L, 1066423954L, 789283968L, 1352634388L, 
-1147673304L, -1376629190L, -1215666992L, -104147860L, 61026996L, 
612964370L, -726104096L, -125128756L, 970821088L, 1280687650L, 
-93312728L, 1735299340L, 1013933628L, 968298738L, -2065683728L, 
1769001796L, -203564456L, 1972732474L, -476117264L, 953355452L, 
-638382572L, -1772126014L, -467263392L, 1812442492L, 1463893200L, 
-1832956894L, -1327285592L, -1600012404L, 774019516L, -1821932494L, 
866813760L, 477550772L, 543011656L, 1707297466L, -1096216816L, 
1974057196L, -2730924L, 34912018L, 270414752L, 1062838220L, 324316000L, 
566321346L, -267499992L, 205854124L, 1788989244L, 2101567346L, 
1987081008L, 658350628L, 464056376L, -367784742L, -2045132400L, 
1063958268L, 795348884L, 150332226L, -1693066752L, 35791420L, 
1174853200L, -992800094L, 1578613576L, -1515841012L, -306991908L, 
-449105326L, 1597950080L, -1637270700L, 1459687912L, -381195526L, 
1303762768L, -1478777812L, 1498912116L, 1763794578L, 1356118624L, 
-1921494388L, -432215200L, -832916766L, 1641863336L, -1260236596L, 
-403095044L, 361430962L, -1193699856L, 585149892L, -230787240L, 
-1568547974L, 709541296L, -726629956L, 488972372L, 1191998402L, 
819618592L, 696178620L, -1362972080L, -253514270L, -39653016L, 
-379007668L, 1809621244L, 2044625650L, -1373720832L, -368116108L, 
1029062664L, -600362566L, 530010064L, -143111700L, -355309325L, 
-1473218987L, -1385948622L, 1467820032L, 1634450665L, 1296251739L, 
646012332L, -221526598L, 103056239L, 1654936825L, -1870083698L, 
-1597752228L, 279678669L, -713217481L, -1681432384L, 1535902L, 
-1290652565L, -1973054483L, -851462566L, -1964345064L, 1689699969L, 
-1057137613L, 792128084L, -1552490910L, 1081766135L, 638788417L, 
528390598L, 348480260L, 809748149L, 847606175L, 652389880L, -728685610L, 
1688141411L, 545586725L, 182488514L, -340278608L, 523635417L, 
-1546752949L, 1134604988L, 1813885162L, 547319071L, 453375401L, 
-173370562L, -2081542612L, 1795218557L, -664738105L, -1693917264L, 
1900736974L, 296069883L, -1254196899L, 102910602L, 425654440L, 
492506129L, 1952177411L, -1884016636L, -27525070L, 1718823047L, 
837592273L, -822935978L, -1271968204L, 1750017349L, 1427957647L, 
-300412152L, 453678374L, 802590163L, 2075805493L, 1431391890L, 
881031776L, -1139582007L, 1890835195L, 1329882316L, -571753126L, 
1340985423L, -875201255L, 661829422L, 420923708L, -1728692563L, 
-375293609L, 1023015072L, 729908734L, -1764190005L, -1697618227L, 
-1987710470L, 1644317240L, -137246751L, -801308525L, 32187060L, 
1667510210L, 1398135767L, 50181153L, 1514537958L, 1010609892L, 
-1204504043L, 58585663L, -192001576L, 1932541942L, 713197571L, 
268673861L, -2108758174L, 2051377360L, 1001239545L, 245239595L, 
1840393372L, 1987273418L, 1999645631L, 760686345L, 567382046L, 
1626726860L, -745329763L, 1174087207L, 1335962704L, -206072594L, 
-482766437L, 113002493L, 1658438378L, -783985272L, 105370417L, 
1391184803L, -1708647516L, -2066778542L, -1537550937L, 476844529L, 
-951958218L, -1612960300L, -1917156507L, 1105005423L, -1097316952L, 
-1085646074L, 1386044979L, -1820896107L, 1253723378L, 119946560L, 
-841973079L, -298710245L, 378846444L, 514408698L, -2125364945L, 
-77630151L, -1999849650L, 2058452380L, -1034117363L, -1112630921L, 
-422380160L, -585212962L, -1925860181L, -359985235L, -1288076262L, 
